145.8276
70.4977
133.9860
125.0487
93.1275
108.3668
120.9795
127.0556
100.7350
86.4473
260.3022
108.6917
97.1138
65.6117
98.4771
61.8819
60.3341
60.7592
133.7597
89.5279
62.5946
98.1578
85.7263
89.4823
93.6880
101.0402
66.1295
78.5132
104.9499
104.2086
127.1889
101.8865
101.8141
84.7020
78.0160
87.8877
79.4979
111.6082
93.3916
144.5895
150.0883
173.4377
224.1378
176.4203
126.5077
141.0982
177.8209
69.1031
166.6335
82.4029
110.6670
122.0341
110.6430
144.2994
132.5012
97.6629
81.8882
112.2298
157.5002
148.1614
110.6715
172.3119
113.5227
103.5900
80.9388
130.8140
153.0098
86.4234
114.4068
114.8787
87.6722
77.1001
65.1617
94.1394
108.9475
82.1529
71.4478
111.9158
80.9958
82.5429
126.6524
97.9804
76.1149
74.3145
93.0432
124.3934
74.5573
96.2152
63.6964
64.7455
78.9320
121.0370
92.8062
84.2921
74.0832
78.1777
99.3843
96.1753
107.4036
125.1395
77.5069
119.3809
59.1129
93.5191
144.6107
133.8874
116.2028
93.7198
93.8832
99.0157
115.1636
63.1429
124.6904
94.5471
59.2179
105.4785
72.9341
57.2098
91.1123
77.0955
98.6359
116.9978
50.6722
58.6414
124.7266
49.8154
67.4473
73.1825
67.2972
95.4353
58.0584
126.0066
136.7813
93.8926
81.9421
90.4519
99.6550
81.1103
70.6420
93.4144
156.0981
121.2413
80.2237
90.1619
66.5361
72.5719
72.4079
80.8450
162.3338
91.8621
54.0130
98.7555
92.2481
71.2385
108.9403
77.0213
112.8022
118.0801
111.0771
81.5077
102.5174
95.1727
115.9490
100.3864
90.0980
74.5058
116.2230
98.1589
71.6163
84.2012
80.8041
73.4466
59.4247
103.9317
73.7421
78.8297
110.9348
75.8176
98.1272
65.4523
112.8489
113.1634
77.4311
111.7901
156.6991
54.7731
91.4811
73.8753
87.8018
120.9923
97.4138
66.5755
72.9235
94.6354
112.3610
86.4103
104.2616
101.8201
114.6380
70.9093
90.5118
112.2035
139.4240
90.2019
66.3609
118.5045
182.7245
102.3814
130.0528
135.0462
99.0772
118.9512
88.1194
88.5020
71.4548
90.2260
106.3522
97.8886
76.9135
113.6023
144.9241
112.2024
105.7127
93.8285
68.4184
110.8916
79.7439
116.4875
113.2612
89.0341
69.0065
116.4167
163.3196
121.9974
118.1742
121.7909
109.5783
92.1039
83.1626
82.6541
85.8973
100.4671
80.5986
117.7876
60.7240
85.6113
121.2327
155.6753
99.5196
106.1176
148.3981
77.1171
167.0749
128.9575
65.4470
99.0534
136.7483
126.9480
146.1893
140.2525
123.3194
121.2851
147.3237
93.0124
136.0322
149.6364
88.4368
65.4383
66.6225
85.5174
110.6398
80.4847
112.4572
105.9429
102.6407
113.1762
111.2888
101.1491
61.4956
80.4665
142.7065
164.1802
94.5589
73.9656
66.1360
119.0184
118.9184
116.2583
127.5156
95.0222
109.3612
120.0897
124.7783
144.7825
154.6714
114.2033
104.4397
98.2058
126.5176
99.2371
118.0623
87.9228
95.9796
94.6281
128.4274
89.0441
99.7392
139.7467
96.9544
143.0148
110.5352
63.2644
89.8703
100.6593
99.5876
83.0254
74.0109
115.3299
109.6526
102.7785
69.6564
179.3939
80.2552
121.4715
105.0957
94.8192
89.8943
65.5671
113.4272
91.9247
50.7158
181.8915
89.1925
75.9149
148.9161
81.0890
133.0691
119.2329
87.7054
86.7660
121.2684
131.8225
89.9365
129.1251
66.2657
99.3209
96.4179
94.5482
153.4074
157.5433
109.9617
144.0832
79.5982
125.7818
84.5160
195.1501
140.4440
106.6285
124.6371
136.0423
130.3837
121.9784
99.9788
67.2878
114.4926
86.9807
60.1972
196.2758
203.5161
180.3455
99.1527
89.7694
136.7661
94.8345
141.2076
112.8345
87.4798
136.1417
136.5175
113.7732
119.3911
67.7023
116.0266
139.7506
103.2236
120.6324
96.3975
131.2951
81.7987
134.4976
109.0326
116.5195
107.0094
127.1079
139.2987
77.9033
102.8524
96.8233
129.9889
80.5428
119.3133
129.4074
111.6094
133.2343
142.4409
88.8596
152.0752
91.0660
98.5469
90.5731
124.6258
108.8587
122.0871
123.3749
104.1982
169.4646
126.2912
80.6259
110.2091
107.7885
146.0257
133.4245
84.1909
129.7752
78.3193
98.1497
105.1425
108.8950
145.9062
131.8374
132.9351
92.1205
104.8247
105.3848
146.6658
69.3043
114.6956
128.7469
109.4792
113.9414
130.4127
73.7129
94.4961
117.1095
151.8405
127.4181
116.1641
135.3148
109.0556
105.0555
89.3994
123.3868
111.6008
111.0037
90.0587
90.4366
138.1356
120.2590
89.9789
194.5328
134.9052
128.5878
135.7756
113.6881
182.9529
119.0959
103.2180
134.1857
130.6008
154.5207
123.0820
84.0927
103.0323
115.7599
95.4573
172.5061
136.4116
69.2379
151.8881
113.2993
94.8151
93.1709
142.6283
96.9344
116.5699
129.0358
95.1105
148.9884
129.9933
90.6361
172.1606
135.1599
153.5849
155.1464
88.4653
149.2122
103.8790
157.5681
114.9217
130.3127
155.3975
108.2201
132.5006
98.7015
145.5142
139.4149
92.3522
144.4992
150.6915
98.7241
65.7974
108.3323
125.0672
83.8334
109.7642
177.7412
82.8972
92.5660
99.8447
133.2177
109.9439
119.4064
97.9100
64.5956
66.0034
87.0273
80.1180
59.8141
95.0132
96.2611
81.0851
120.3347
83.4339
153.6497
90.8226
75.4214
88.9757
116.2671
56.1300
88.0747
92.5407
76.7919
127.8858
134.4535
161.0265
117.0275
167.0759
105.3137
211.3161
108.3866
67.9625
96.7156
80.9430
125.1113
111.0354
127.1919
98.4014
83.3863
106.2903
121.2775
131.9055
97.9277
89.5647
118.2956
86.6697
107.6218
66.6318
86.6003
125.1816
68.3274
143.4044
89.4429
101.7499
126.2013
96.8689
113.2900
123.0226
101.4047
171.1164
132.1546
75.6080
71.0766
70.1754
137.4426
109.9654
121.0459
139.9162
142.7714
101.4757
92.1031
112.5421
146.7800
133.3937
56.6048
132.7139
105.2047
70.7790
112.5181
85.7083
125.1758
77.3810
96.3333
109.6493
112.0209
71.6489
105.8454
105.5124
132.7228
87.1416
87.1671
100.6389
91.1525
82.9547
82.7642
86.7947
131.1320
105.1595
91.8819
77.4148
83.8961
81.8054
95.2278
70.7788
83.2969
87.1808
101.6924
83.5038
94.2933
73.7514
70.3137
54.7714
101.0552
80.5425
86.3069
179.2575
145.6938
163.2707
87.8659
88.7719
93.1926
106.3421
79.0739
104.0212
67.5824
115.8035
69.2046
71.0269
91.7478
127.3946
93.8913
136.6713
153.6259
155.8124
68.8101
131.7963
66.2694
75.0317
101.6183
113.1634
87.6782
123.6030
108.2312
112.2401
139.3663
96.3329
128.1008
93.4542
98.1853
136.1908
126.4393
98.8451
134.6861
105.8486
111.5149
136.1926
67.4427
98.4465
100.4905
115.1405
133.2481
155.7686
121.0681
158.7693
121.4275
137.4985
163.5095
177.4920
107.4467
88.8121
99.3394
105.2917
178.7694
108.3846
117.9600
95.6192
118.5549
82.0785
106.0833
117.4881
119.1900
134.4407
99.2078
134.3627
134.8339
99.9819
105.4840
90.6654
119.8115
121.5095
102.2623
83.8285
184.2389
71.2716
98.2036
116.0955
158.1668
108.1582
83.2582
80.0038
81.3823
83.1616
134.3637
109.3595
102.1496
118.5175
144.9357
123.0844
105.6206
93.3807
98.3702
88.0664
87.5648
90.9862
83.8291
72.3874
62.2059
109.7185
53.0166
67.4488
125.2283
97.7335
119.7891
63.2837
70.1284
68.2642
111.0382
78.0318
126.2877
81.8983
113.7040
125.3609
111.5897
99.2382
110.2299
161.3955
149.5833
146.8332
110.6407
110.4843
151.1472
129.3048
133.0437
98.9296
108.3472
73.8095
73.8429
78.9932
115.8077
102.5530
67.3101
137.0767
72.2383
148.8838
118.9279
97.9919
96.9152
106.6431
134.2104
76.8106
79.2972
129.5724
87.9030
96.8220
74.6880
88.8385
118.4988
92.8730
97.2550
87.5868
87.0820
93.6488
89.6278
144.0448
146.0435
59.4145
78.5581
119.3082
158.8023
90.2082
148.1454
168.4376
131.0391
122.6505
84.5286
140.1078
104.7398
85.5572
131.1907
95.4003
141.5326
105.3522
160.2112
141.2404
108.2402
124.0593
79.4342
131.4233
123.2761
119.1272
86.2635
90.2248
80.9417
95.5606
189.2663
135.0397
116.2254
143.4398
112.7843
129.3981
83.6155
92.0090
107.8849
99.8438
82.4230
69.3978
146.2705
66.5413
106.8196
149.4390
119.7356
100.3557
77.2769
102.7771
114.8575
126.0426
96.2737
103.8843
80.9221
95.2433
81.3076
128.8729
85.0348
136.4444
94.3083
90.7366
108.6306
132.2379
107.4110
101.2089
118.1810
127.7682
106.2925
137.9177
117.7175
161.6189
157.1507
119.5717
67.1633
153.9832
116.8756
128.3573
143.2547
96.3602
126.2220
101.1515
109.6902
122.3133
136.9514
148.2727
142.9444
113.2478
114.8648
121.5619
115.1208
114.3663
58.6247
66.6847
117.8010
87.6890
63.5118
67.6802
63.3078
79.5921
103.6233
81.4673
98.9648
80.1392
86.8144
112.7875
90.4633
82.3137
80.9655
131.1672
113.5604
105.2624
69.3751
74.1427
144.2029
109.4588
118.0177
104.1464
104.4508
76.0101
96.2538
142.4046
125.4979
97.7594
110.6646
124.5230
58.8649
135.9599
94.6625
93.3357
65.4693
77.5983
111.9470
94.3073
122.1024
75.6180
89.8694
63.4631
76.7141
98.5966
58.6178
78.9428
56.4247
82.4453
70.0119
88.7837
97.2694
52.6549
123.1201
93.5197
91.6977
98.8574
113.5266
110.3075
88.8166
101.0964
96.9159
78.3876
95.8460
150.9921
89.2499
97.1283
88.6652
72.7903
151.3001
85.9116
79.9293
127.1855
103.8652
102.3503
147.9970
113.3636
142.8556
154.9007
116.1840
129.9467
61.9861
105.2512
129.8069
74.0518
87.6333
99.7448
110.6395
98.5692
80.9686
68.1287
88.0499
70.7852
121.5597
118.8210
47.0956
74.7825
91.4382
95.8445
67.6166
85.9638
101.1723
76.6243
99.3839
140.5039
111.5012
70.3017
110.2412
64.7731
63.3349
68.7847
49.9860
139.4525
60.4593
81.0580
105.2131
65.9179
92.4221
125.3220
110.5841
123.2157
80.2472
128.7264
108.2029
85.3965
113.7087
97.6312
97.1808
139.0243
130.7565
80.1580
89.6180
151.7872
149.2314
149.5487
160.4863
163.2259
87.1846
124.5870
153.6915
96.6727
132.5124
88.4200
109.7215
120.2948
72.9929
69.0965
106.4957
83.7941
53.2029
147.6698
110.1060
50.3040
81.3350
152.4999
158.9364
76.5285
87.8615
107.9531
113.1727
83.1864
62.3789
59.8672
131.1465
125.9964
114.5231
149.1039
85.6818
80.2359
75.3389
93.5322
85.5299
72.7789
96.2084
92.8203
94.9287
76.4724
76.5217
97.1331
78.9150
57.0063
96.7012
105.8297
83.8837
142.4295
91.8010
147.2080
73.1251
58.3832
76.0942
59.0704
147.4473
81.3580
93.2111
113.2049
81.9822
108.0963
68.6526
69.5557
114.7407
64.3712
70.7419
116.5298
78.7245
65.5532
60.2805
58.1643
110.1279
139.7717
132.8575
103.8818
120.9689
122.1416
80.8629
89.5910
105.6198
87.0156
143.6088
151.6873
84.4342
113.4617
115.8662
103.7135
92.8728
91.3972
169.3805
115.0665
96.9493
144.8961
150.8909
152.1519
99.5844
85.1630
64.1653
75.2437
115.4490
105.8212
43.3338
115.6692
112.5033
86.4724
88.9712
183.7331
91.1479
95.8260
74.5438
141.4997
117.1285
126.3946
103.6120
111.4701
109.7129
85.4490
105.9994
103.9655
108.8916
103.0194
102.8274
130.4405
134.6402
101.3450
87.6261
94.9752
109.2413
134.4971
113.8855
91.0130
132.1190
99.3836
119.2271
60.2206
122.1261
110.0955
133.2347
89.2267
110.3062
157.0351
86.2137
89.0978
90.5829
130.5971
107.0015
103.7339
146.4026
128.5778
103.5854
55.3804
118.8749
91.7620
112.1593
102.7458
95.8272
104.8776
65.5878
81.2181
116.8227
158.5043
74.3416
127.8797
59.0419
104.1636
115.8706
100.2131
126.4758
92.5481
136.1174
60.9126
96.1313
147.0022
103.9779
82.6024
76.8802
115.3098
63.0951
70.5204
135.8863
81.5086
135.1593
70.1389
145.5610
102.2927
94.3748
109.7994
107.6625
174.3508
136.6683
92.2957
142.3156
90.2430
121.4585
89.3279
80.6685
72.9571
108.8235
155.3895
136.5472
136.0024
94.7872
103.8580
97.9422
149.0864
110.4848
97.1027
93.0154
124.5321
138.3966
81.7718
132.0427
64.3747
98.1742
97.3705
92.3302
133.2411
93.7051
120.9644
98.8388
128.7642
131.6246
139.5662
137.4009
109.3027
107.2245
91.9705
81.8497
98.1307
101.3561
72.5496
85.3269
109.4652
101.4338
96.4799
108.2262
107.1284
76.4358
91.6579
123.0764
100.1726
132.5835
130.3565
79.4053
80.4147
105.7134
109.8077
134.7803
89.9870
108.4773
98.0978
95.9488
131.3661
113.8086
66.4029
107.6689
102.6317
114.6166
151.3354
109.3695
170.5525
115.8330
139.7831
100.8273
119.5447
133.5633
119.2769
145.9160
151.6324
135.2614
200.2768
181.6540
111.6075
95.2522
70.9998
79.2465
101.6870
103.3280
89.1044
70.3611
106.8118
103.4812
138.6995
105.9154
72.4684
102.5730
115.1193
67.5213
119.6619
166.1359
67.3524
66.7178
79.2194
82.1409
98.2674
70.2921
125.3347
126.3273
100.3721
207.9172
98.4968
82.2692
110.7900
88.5380
97.9606
101.4849
158.2774
176.1057
53.4834
152.5210
65.7628
138.4407
76.6466
129.2688
176.9185
100.5558
185.2050
113.3697
86.6938
77.8064
53.4209
108.1227
75.2562
77.4864
100.7088
77.1285
61.9322
131.2770
109.1970
72.0528
103.7548
70.0544
81.3529
69.5904
94.1795
111.6271
79.0730
67.4796
93.5116
89.9745
83.5936
80.6132
82.2094
76.2104
53.7714
98.8042
117.5873
80.7348
67.5654
68.5996
103.5980
124.1226
97.8801
68.2895
65.5184
71.8456
124.4725
55.4817
152.4947
123.9644
162.0237
96.1266
108.5389
76.1217
134.1826
86.4583
150.8956
96.4099
107.6516
102.5613
94.7370
127.3582
110.4238
76.1844
245.4377
150.9483
113.9088
96.9031
138.3772
90.9252
103.3609
95.1216
72.0048
125.2337
68.6162
117.6160
112.5112
96.1944
105.6410
64.6621
101.8692
78.6556
95.7480
126.0767
130.2649
101.9191
131.5568
97.1777
64.6007
87.2996
117.3984
94.8277
80.8284
79.1226
150.2251
93.9890
79.2691
128.7477
115.7927
123.0015
117.5047
77.3340
62.9606
69.4170
105.8720
94.4645
117.9050
137.4877
86.6890
80.1014
104.0592
139.2738
79.3378
97.4281
141.2402
127.3103
104.3914
108.0697
106.6306
126.9962
125.5168
84.1608
157.1424
123.4119
128.5285
130.1204
142.4169
133.7279
131.4844
127.2172
125.7179
91.8552
94.6506
170.2809
187.5168
149.3675
143.8292
84.7683
88.5411
116.3957
67.9414
80.3029
99.3371
140.3361
87.0597
56.4911
160.9389
80.8574
82.2385
96.9357
72.2760
114.2065
119.9720
107.2596
82.2517
79.3965
107.5739
212.5141
76.0047
100.3692
95.6630
95.3714
63.7922
118.1008
98.8884
121.8700
99.8019
110.5559
71.8075
134.2836
71.4102
106.2865
73.7925
74.3192
98.5268
107.2362
133.8076
116.1595
77.9097
78.1935
108.1167
52.0553
134.9066
67.0200
83.8374
77.1721
127.3884
53.2289
101.0446
113.6263
103.7485
86.3229
81.5896
84.6154
94.9606
52.5495
95.5901
91.7109
142.1637
126.8912
62.1797
101.9156
99.8109
128.5164
96.5558
97.6975
106.3860
97.5710
75.6948
87.0370
93.5897
83.0658
69.5676
108.0454
100.8267
91.5805
70.0670
144.7861
116.7064
107.0097
76.3167
104.5677
79.1182
51.4026
68.9210
91.2595
53.7017
69.3703
78.5418
129.3440
89.5838
146.2088
76.4994
96.8290
78.7716
126.8375
69.6933
116.7636
108.5661
120.7813
78.5983
110.7032
83.0792
126.8797
84.0130
86.6109
155.8618
86.5712
102.9699
76.4425
85.8815
111.3231
86.0349
94.4237
81.3803
89.5104
107.4471
76.5449
112.9504
133.9686
89.2222
108.1521
106.5598
84.0774
116.0489
151.1646
94.6097
119.4326
85.4234
81.6885
99.2967
152.4395
76.1701
95.5421
99.0578
86.3060
104.6418
92.0022
111.9691
102.5478
76.2422
59.1671
115.3187
70.3117
119.8110
120.1093
112.7987
87.9909
90.1134
114.6966
71.7427
79.3095
42.8536
77.5392
85.5756
118.9491
80.9742
142.7518
92.5213
70.5339
71.2028
70.8952
76.9599
69.9423
93.0810
94.3616
158.5644
66.1772
132.4655
170.2596
90.6446
98.3881
79.2059
82.9961
99.0290
76.4610
80.3881
73.2822
76.2029
130.1019
129.9434
110.9669
82.1202
105.0871
121.6485
88.9686
84.6853
87.8295
79.7962
57.0441
111.9014
107.3213
86.6293
53.6390
132.0613
140.7810
93.5561
148.9439
129.0913
131.8807
83.2876
94.8713
134.3560
94.7018
111.5005
150.8433
152.7112
158.9058
148.2748
202.8129
155.5973
105.0347
124.5832
137.7303
104.7033
82.1861
88.7926
95.0685
127.8543
60.0781
94.9542
92.6167
132.9254
96.2958
62.7938
92.9729
85.3060
50.2167
81.1043
105.8677
103.5291
138.3113
169.3680
111.8755
81.5767
100.0397
84.6136
72.8568
73.5648
93.1437
83.5111
88.0187
79.4528
84.8253
105.4035
106.2337
256.5715
52.8584
132.3602
234.4133
133.0342
84.3222
127.3090
77.0081
90.1781
160.5633
98.3197
136.7532
84.7948
68.3912
96.4499
102.1191
85.3819
71.2549
60.8318
79.0655
68.1082
70.2438
88.3429
70.0308
86.0520
69.5427
59.1309
99.3336
79.0906
82.0249
99.9303
92.6695
101.0143
114.5323
