84.2200
103.7866
117.3738
111.7865
86.1116
91.7025
83.4834
95.3041
104.4635
88.7343
87.6523
100.6160
101.6220
96.0352
98.4829
114.9490
89.4027
100.7248
118.9783
106.1858
93.4722
89.9723
95.1664
81.0668
81.8650
55.7840
83.8610
93.5863
61.9231
83.8548
59.3623
76.7223
58.1952
57.8583
60.7603
59.7065
83.9975
67.0868
71.0065
70.2602
103.5314
75.3177
108.2636
112.1365
74.7607
69.4787
103.0581
67.3026
54.8634
90.8613
73.4028
60.9368
53.9629
110.3972
77.9915
69.1163
92.5041
80.7099
85.9134
75.3928
60.8125
79.0071
67.0858
99.6030
75.1300
100.0654
49.2384
110.1153
88.2884
83.0642
96.5077
87.3223
119.9608
129.7900
91.4296
102.8929
80.2250
81.1642
101.6499
115.2617
77.7612
156.9826
63.7431
90.2369
74.4865
78.1476
86.3664
51.7589
86.7662
88.8125
93.0112
108.3309
124.1524
135.0792
112.0617
89.2844
112.0564
133.9358
84.3587
115.5452
72.4775
115.6976
104.6886
100.9354
63.5325
108.5324
53.9518
96.1512
53.6002
77.7486
68.3636
84.0199
80.7602
88.1237
66.6102
93.7511
71.3993
78.8649
82.3126
83.0019
69.3060
80.3499
92.4893
88.5665
89.7105
109.2108
82.9754
64.1372
78.8205
141.0292
91.0724
74.4769
53.5477
92.6714
78.3538
81.1333
90.0916
87.5957
57.2912
100.2633
62.9809
46.3759
84.8037
93.8301
103.2495
102.5798
98.2965
116.5402
108.9385
63.2610
79.1570
89.8932
57.4513
64.3294
73.6414
79.8107
74.7374
87.3852
70.7983
46.1872
86.4549
62.7566
96.3479
109.8339
121.1549
46.6886
82.9619
83.1326
93.1125
91.7958
114.1375
100.8028
77.5779
79.9261
67.4750
72.2835
68.1316
68.7789
56.5838
84.6742
75.3237
96.0966
59.8380
71.7734
98.9073
78.0176
53.3122
79.0260
87.6784
110.1743
80.5397
50.0569
55.6819
72.9708
61.1556
70.9885
73.2814
103.2455
88.2719
99.8975
62.3004
61.4695
84.6842
67.4210
80.8847
63.5075
88.1862
44.9636
69.1912
60.0856
82.8920
61.1421
85.0250
79.2016
73.2159
74.1516
84.1315
90.8258
76.5047
72.5516
75.9182
86.0630
60.7635
64.6557
58.7682
64.6925
70.2341
90.5223
67.9468
45.6923
58.0496
56.9766
61.3653
54.9070
46.7493
54.1668
100.0523
60.1499
100.1832
98.2838
75.0328
67.0632
79.2753
74.8051
102.2486
54.0451
71.1527
51.9126
57.7366
68.8520
44.9624
66.5537
65.1244
106.7631
78.2529
49.7372
98.0735
91.8861
74.9238
73.4246
70.3105
76.0159
69.6915
89.3512
81.2231
65.8745
82.8563
60.1865
89.2700
95.7772
72.5167
66.1897
93.0906
68.4063
61.8188
73.3840
75.3347
91.3979
62.6333
83.8629
65.2207
86.8809
92.7349
91.2473
92.6883
85.2624
61.7140
59.0277
58.9449
77.4169
79.7336
87.5774
78.6552
79.5819
69.4346
74.8577
70.6454
108.3737
70.7121
70.9993
69.5319
71.2785
67.2087
70.8330
70.3211
67.7023
80.1086
66.4696
58.8975
76.6664
112.7792
73.7585
74.4108
82.8199
66.1855
57.5360
72.6787
69.2253
65.8512
91.1424
56.9083
76.0564
78.8645
75.0874
82.8834
68.0083
61.3162
70.0532
58.3637
64.9073
109.1014
68.8290
79.7486
77.3215
78.3972
88.4248
82.3006
70.4229
97.8854
80.4143
60.3088
68.9008
96.0541
94.5468
62.2788
76.8602
98.8463
69.7868
96.8777
66.6265
59.9711
73.8844
97.9628
98.0419
88.4631
75.6641
86.5921
62.3575
86.6679
86.2052
91.7406
101.4669
71.2098
87.2207
104.9790
74.1450
86.7084
77.3250
94.5042
118.6470
73.5922
97.2359
87.8722
90.4754
142.0048
74.1239
68.2079
106.8794
60.3368
69.3010
78.5957
84.6205
105.9950
134.4506
69.4119
98.1203
82.2568
105.6083
66.6588
91.6832
72.4819
70.8467
84.1218
66.3340
62.5537
48.0137
56.0371
57.9773
84.0987
69.7633
56.5790
54.1775
73.9433
60.5762
51.0803
51.6625
62.2877
50.8079
51.0625
122.4616
87.4549
87.9297
103.9385
107.9347
138.8215
100.1872
73.9470
69.0497
108.4548
87.0685
89.0356
117.4306
67.3044
75.8253
71.3125
120.7642
92.1962
79.1615
80.3789
77.7370
99.9776
127.6802
75.8574
99.5310
66.4548
61.6205
70.1788
61.3882
73.2279
119.0657
83.7261
109.9661
99.8391
92.3704
71.1545
100.3926
61.3396
85.1353
106.5545
53.4708
116.0566
101.1544
37.7230
60.6743
64.9933
58.3258
57.8668
91.5149
46.1134
55.7479
62.1251
66.3897
90.2131
109.0762
114.0761
110.0865
98.2218
105.2834
136.1136
136.7323
97.1236
89.3660
112.2183
71.7372
140.9812
103.6611
93.7155
100.0384
138.5004
147.3167
106.7365
115.5780
124.5441
106.0414
78.7581
76.0479
81.5117
87.7999
86.5005
95.5631
98.5266
95.9088
96.3417
116.1586
126.0652
119.7739
76.0897
87.1040
84.9156
67.3455
75.4080
84.1202
109.7159
92.8156
95.1936
122.1105
68.5168
104.9812
78.5724
80.5575
69.3637
59.9535
68.6522
81.4034
79.5844
51.8133
80.1349
107.6836
58.0165
109.4608
86.9019
88.3337
72.3267
87.6502
110.9473
50.8474
74.1805
104.9922
75.6430
66.5456
108.6613
84.2532
94.9788
61.0126
70.4076
48.4680
106.4651
94.6291
120.7353
53.6555
80.7962
73.6141
55.0086
67.0126
93.8764
110.3133
79.6067
85.0636
57.0541
83.8737
59.2296
93.0025
69.7007
70.7236
81.5250
82.3399
69.0339
53.6829
109.8889
73.4025
67.0050
69.4892
89.1362
67.8762
63.0696
68.6699
65.7020
71.7078
57.0454
63.0378
74.1715
78.6528
84.1536
94.1929
79.9871
99.9851
83.5964
98.8522
106.9246
84.1239
85.3315
88.4995
73.3629
49.0097
53.3919
54.3141
50.2201
104.6074
65.3551
35.4771
66.1225
83.8191
79.9398
59.7680
89.5363
96.2019
137.6456
53.5970
93.3683
69.1656
64.4482
59.9319
69.8631
95.7984
56.3797
103.5103
108.3754
106.4022
120.7594
73.9325
83.6458
64.5328
80.1677
80.2102
71.4432
74.5721
90.3643
79.9563
88.9542
70.5886
81.2206
85.2493
97.7654
76.6743
86.4764
124.4804
83.2265
100.6905
94.9713
71.8774
86.6562
75.5452
93.0866
67.7248
88.4321
80.2254
54.9761
72.9454
65.8545
108.3292
68.9908
50.0471
59.1426
64.4162
61.1811
68.7178
79.9231
71.5943
77.0152
66.4680
91.7747
118.3319
108.8426
98.4031
97.7548
104.7888
80.3089
80.4245
86.6735
61.9006
92.9729
55.2316
68.4113
63.4962
70.2942
69.2859
67.0158
68.3230
79.8245
104.1007
74.5462
63.5981
105.3685
72.3856
77.9364
72.9420
80.7910
84.3099
111.2394
74.7134
121.0338
102.3194
150.0854
93.3310
91.1587
73.5400
67.4789
94.2376
96.5434
81.4306
76.1650
87.0567
69.8196
91.9770
107.5719
59.6658
88.2629
70.6309
76.3317
61.2780
71.8611
67.9320
107.6008
97.3346
62.7047
74.1175
66.5517
99.0399
76.3986
60.8741
75.0856
85.9711
92.0634
134.6936
55.3074
112.0953
83.2905
52.2873
74.5359
53.6835
98.7914
92.4454
77.2061
50.7583
65.9279
77.8889
64.7186
61.6700
87.8290
62.2588
64.8943
69.0866
70.3381
48.9763
68.9736
78.4179
77.2392
69.6224
75.9833
42.8760
76.3748
59.8342
58.2035
48.8301
57.3689
79.9684
90.0499
75.0052
71.5450
85.0970
86.7901
65.9393
71.2889
66.2879
77.5997
101.4250
77.3196
67.1286
87.8163
69.7700
55.1395
50.4675
71.8658
49.6687
73.6189
70.6578
77.5150
70.2409
75.6984
59.4066
102.2321
57.1647
60.2388
58.5601
122.1633
84.0229
59.7548
66.0866
76.9650
58.9771
50.0381
77.7608
101.5649
47.3133
71.3088
82.5447
76.1921
78.4508
66.5216
60.6566
65.6126
58.0588
61.8953
76.2987
70.9276
88.9356
78.3482
94.0998
84.4975
72.2032
51.9464
57.4158
65.7980
49.2849
48.8135
42.8262
92.2894
61.6903
91.0008
68.5852
68.7569
77.0881
38.5502
61.2994
69.6467
74.6644
49.7396
47.5841
55.4937
48.7880
78.4443
100.5139
85.6218
88.0264
102.0997
85.1370
97.9763
96.5709
100.0360
123.5492
85.0729
64.6222
88.6710
84.5719
98.4579
87.3237
91.7205
82.1003
104.3162
119.9149
79.2012
76.6672
95.8203
82.9940
78.3720
95.7900
73.3495
78.1839
64.8162
53.5120
77.7517
70.2001
60.8432
83.3754
69.1598
74.4230
102.6239
57.3873
59.2665
81.2468
84.0764
81.4866
49.5672
65.2757
72.8522
73.5813
67.2061
87.5204
82.4043
93.3349
78.5674
63.5344
87.1781
83.0592
67.5102
54.7719
67.6384
52.1836
65.0670
86.2505
81.3515
57.7615
63.3945
80.6614
87.0909
61.9523
80.5230
82.4540
104.5441
82.5300
70.9053
95.9940
92.8818
85.4208
88.0306
45.4479
107.6363
53.8599
92.3476
90.8404
82.5790
98.6828
84.1020
92.6345
58.8455
88.0452
113.4485
68.1992
89.3983
69.2992
62.8935
79.8542
119.8925
62.5639
95.0541
91.1680
82.1344
58.5541
89.2716
110.7604
79.7644
77.3179
64.3166
85.0533
62.2800
89.7175
94.7180
93.0452
70.0263
90.1088
72.5889
72.9721
72.3907
71.0838
91.3082
104.7130
100.5328
86.6072
68.2181
67.1218
87.1068
74.2158
64.9054
75.2359
63.8967
57.5646
73.4774
47.4449
54.6198
86.9966
70.9559
103.8149
43.5368
53.4733
48.9840
68.6414
66.6817
73.7712
74.5189
92.9971
84.3715
91.4390
100.8819
99.9245
93.4556
66.3242
81.9173
52.1111
63.5739
129.5722
79.9879
70.8859
61.3189
57.5098
69.6122
73.1276
61.8797
66.9151
53.0505
52.0408
51.4175
70.4184
57.7392
61.2102
57.8226
81.3202
66.7286
76.3774
66.5835
67.8439
105.8107
69.9909
79.8872
72.9141
88.7924
50.2258
80.6482
88.6644
67.4172
58.4244
67.0147
58.8957
96.0469
61.9389
67.1851
59.1978
87.7985
87.3658
75.6783
77.7279
72.4806
71.5765
67.8596
70.6674
63.2299
79.4052
92.4188
85.1771
57.8938
70.5836
109.5119
105.5103
93.6379
60.8657
100.2945
108.8881
126.2581
76.5842
64.1355
97.1255
73.1649
95.8935
51.5001
97.2179
84.7477
73.6679
60.8704
56.9691
97.6432
78.2612
104.3881
