81.8650
55.4628
83.8610
93.7748
61.9231
83.8548
59.3623
76.7223
58.1875
57.8583
57.0244
71.3099
60.7603
59.9170
83.9975
65.1275
71.0065
70.2602
103.5314
73.7639
53.9518
96.1512
53.6002
77.7486
67.4674
80.1040
75.0830
73.2159
74.1516
84.1315
90.8258
83.1812
79.2596
32.2249
72.5516
75.9182
68.9186
28.3671
27.9761
76.0159
69.6915
88.3044
81.2231
65.8745
82.5277
60.1865
89.2700
95.8786
72.7549
85.7110
96.7414
66.3807
75.0251
86.5921
62.3575
69.7374
85.8834
82.1679
101.4669
71.2098
84.4811
81.0986
93.4199
59.5815
70.8467
84.1218
66.3340
62.5537
56.0371
57.9773
84.0987
70.0759
55.0954
52.7376
73.4156
60.5762
51.1357
51.6625
62.2877
50.8079
36.0452
48.8422
80.5304
102.5391
93.7573
111.7865
79.4617
91.3587
83.5973
92.6892
104.4635
88.4297
110.2575
83.9196
100.2189
101.6220
93.9470
97.9821
113.9895
89.4027
98.7309
119.1489
104.9117
93.4722
91.9230
89.7533
92.5141
81.0668
78.7581
74.0921
51.6072
79.6539
87.7999
85.2742
95.6920
94.2177
95.9088
96.3417
115.5133
61.1144
68.6699
65.7020
71.6530
57.3929
63.0378
74.0369
78.6528
84.2136
94.1929
79.9871
99.9851
78.5034
98.8522
106.3766
83.7585
88.4995
73.3629
80.1677
80.2102
71.4432
68.6421
90.3643
79.9563
85.2025
70.0427
81.2206
71.3776
85.3046
96.5935
76.0762
86.4764
124.4804
82.1929
100.4380
94.9713
71.8774
86.6562
75.5452
93.0866
67.7248
88.4321
80.2254
54.9761
72.9454
65.8545
77.9364
72.9420
80.7910
84.3099
108.9640
74.7134
119.2784
99.3563
149.6037
93.3310
91.1587
73.5400
67.4789
94.3872
96.5434
81.4306
76.1650
87.0567
69.8196
91.2851
107.5719
59.6658
79.9684
90.0499
73.8409
71.5450
84.5055
86.7901
65.9393
71.2889
60.2834
75.7103
90.5706
77.3196
64.8925
78.3720
95.5495
73.3495
78.1839
65.3769
53.5120
77.7517
70.3575
37.5062
60.8432
83.3754
69.1598
74.8862
102.6239
57.3873
59.2665
81.2468
84.0764
80.2950
49.5672
65.2757
72.8522
73.5813
67.2061
87.7000
82.4043
92.8137
78.5674
63.5344
72.9721
72.5889
73.1274
70.3646
91.3082
104.7130
99.0126
86.6072
68.2181
65.5109
87.1068
70.8859
60.5117
57.5098
69.6122
73.1276
61.8797
66.9151
53.0505
52.0408
51.4175
70.4184
57.3136
61.2102
57.8226
80.9346
66.7286
108.2636
112.2662
74.7607
69.6879
102.7948
67.3026
54.8634
90.0631
60.1144
73.4028
60.9368
53.9629
109.3895
77.9915
66.7622
86.3241
79.2205
86.2274
75.3928
60.8125
79.0071
67.0858
75.1300
99.6030
100.0654
46.7137
110.2671
88.2884
82.8699
96.5077
87.3223
119.9608
129.7900
91.4296
101.8427
80.2250
81.1642
55.9311
73.5413
88.1237
66.6102
93.7511
71.3993
78.8649
82.3126
83.0019
69.3060
66.3191
80.3499
39.1279
92.4893
86.5348
89.7105
108.2242
82.9754
64.1372
78.2315
138.5775
74.4769
53.5477
92.6714
77.9748
81.1333
89.0664
81.1049
57.1580
100.2633
62.9809
46.3759
84.5719
92.2173
103.2495
102.5798
98.2965
116.5402
107.9322
63.2610
79.1570
88.9408
57.4513
64.3294
73.6414
78.3025
74.7374
87.3852
70.3367
46.1872
86.1697
62.7566
96.0240
108.9418
121.1549
46.6886
82.9619
83.1326
17.3175
93.1125
91.7643
114.1333
100.7662
76.1037
79.9261
67.2658
53.9707
85.3519
60.7635
64.6557
58.7682
53.9877
81.0447
70.2341
89.3850
68.2835
45.6923
58.0496
56.9766
61.3653
54.9070
46.7493
54.1668
97.8807
60.1499
100.1832
97.0946
59.5643
67.0632
79.2753
74.8051
102.2486
54.0451
71.1527
29.8240
66.4080
93.0906
67.9780
61.4835
72.4338
74.5957
90.9448
62.6333
83.8629
64.3270
86.8809
92.7349
90.7426
92.1549
85.2624
61.7140
58.6618
58.9449
79.4325
77.4169
63.4912
79.7336
87.5545
76.2073
78.5422
79.7727
69.5345
73.0817
70.6454
57.4362
107.1325
69.8819
70.9993
69.1431
71.2785
67.2087
70.8330
70.3211
67.7023
80.1086
64.0181
58.8975
74.1450
86.7084
61.2012
94.5042
81.5837
118.6470
73.5922
97.2359
84.6524
90.4754
142.0048
122.1745
87.2485
87.5899
103.9385
106.5987
137.8384
100.1872
73.1890
69.0497
48.8201
108.4548
87.0685
15.8679
89.0356
66.7137
55.9167
102.9034
78.0700
49.4886
56.9731
46.4764
92.4320
36.0628
37.7230
50.5491
61.2247
101.0838
76.0897
87.1040
63.9669
49.0097
53.3919
54.3141
50.2201
104.4985
65.0259
35.4771
63.8560
108.3331
68.9908
49.9388
59.1426
64.4162
59.3746
84.9537
68.7178
79.9231
71.5552
75.7987
66.4680
91.8155
117.8061
108.8459
98.4031
97.7548
104.7888
79.8752
80.4245
86.6735
61.1844
88.2629
70.6309
75.3225
61.2780
70.8848
67.9320
107.6008
97.3346
62.7047
74.1175
66.3315
100.0716
69.5739
60.8741
75.0856
85.9711
92.0634
23.7945
134.6936
55.1895
56.6758
81.0874
87.8163
69.7700
55.1395
47.8046
67.9671
71.4612
49.6687
73.6189
70.6578
77.2735
70.2409
75.6984
59.4066
102.2321
57.1647
60.2171
56.8371
122.1977
84.0229
59.7548
66.0866
72.6811
58.9771
50.0381
78.1924
101.5649
47.3133
71.3088
82.0136
76.2205
78.4508
66.5216
60.6566
65.6126
58.0588
61.8953
76.2987
70.9276
88.9356
78.4936
94.0998
82.5846
72.2032
23.9070
51.9464
57.4158
65.7980
49.2849
48.6336
92.2894
61.6903
88.1694
68.5852
68.3694
77.0881
38.5502
63.1382
61.2994
69.6467
74.6644
49.7396
47.5841
55.4937
48.7880
87.1781
83.0592
67.5102
51.9730
67.6384
52.1836
65.0670
86.2505
81.3515
57.7615
74.2158
64.9054
75.2359
63.8967
39.9516
57.5646
73.4774
47.4449
54.6198
86.9966
70.9559
103.8149
43.5368
53.4733
48.9840
76.3774
19.0842
66.5835
66.9536
101.8417
69.9909
79.8872
72.9141
88.7924
50.2816
80.6482
92.8147
67.4172
58.4244
67.0147
57.3089
96.0469
61.9389
67.0747
56.8153
87.7985
87.1836
75.7204
77.7279
71.0446
62.3010
101.5788
110.1323
77.3778
155.9554
63.7431
89.8945
73.1062
78.1476
86.3664
51.7808
86.9565
88.9942
92.6472
107.9753
112.4921
130.6723
111.2961
88.6390
109.1791
131.2324
81.6783
111.3945
69.2275
115.3519
100.8375
96.1767
63.5325
107.5220
17.7944
72.2835
68.1316
66.7054
56.5838
84.6742
75.3237
95.6096
59.6719
71.7671
98.9073
78.0176
53.3122
79.0260
87.6784
110.1743
80.5397
50.0569
58.5935
55.6819
72.9708
58.3097
71.4699
73.2814
102.3135
88.2719
99.8975
60.2983
61.4695
84.6842
67.4210
62.0213
87.5952
44.9636
56.5206
64.4903
27.7161
37.1196
60.0856
83.0470
61.0994
84.9530
78.0793
34.2702
52.0305
51.9126
37.7631
41.1019
57.7366
68.8520
41.1310
45.2564
66.5537
65.1244
49.0964
106.7631
78.1592
49.0154
98.3104
91.4310
73.3111
73.4246
76.5432
55.0439
111.3496
73.7585
74.5114
82.8199
66.1855
72.6119
57.5360
70.5647
69.2253
65.8512
91.1424
74.6017
56.9083
71.8185
21.5253
78.8645
75.0874
82.6913
68.1850
61.4345
70.0532
58.3637
64.9073
109.3262
68.8290
79.7215
77.3215
78.3972
88.4248
82.3006
70.4229
97.8854
80.2829
60.3088
68.5022
95.5565
94.1631
62.2788
76.9436
98.8463
68.3363
96.8777
65.8570
58.2220
71.2730
74.1239
68.2079
106.8794
60.3368
61.4450
78.5957
84.6205
103.1615
69.4119
133.6398
98.1203
82.2568
105.6083
66.6588
55.1570
90.7323
71.7606
61.4306
117.0803
67.3044
75.4860
71.3125
17.9035
120.7642
92.1962
79.2448
68.1048
80.3789
77.7370
99.9776
112.4571
99.5310
65.3223
61.6205
70.2049
61.3882
71.5558
119.0657
79.1952
109.6305
97.7997
92.4824
71.1545
100.3926
87.1144
94.3391
111.4604
105.6151
97.5167
95.7647
130.2674
127.0376
136.4693
97.1236
89.3660
107.3467
66.5166
123.7059
98.8523
93.6258
98.9772
137.7127
143.1477
105.0105
78.7072
123.7160
106.0414
67.3455
75.4080
84.1202
109.1796
90.1631
95.1936
122.0967
67.9472
104.3977
78.5724
80.5575
69.3637
59.9535
68.6522
80.8182
79.5844
51.8133
80.1376
107.6836
55.0572
109.9175
86.9019
88.3337
70.4083
87.6502
108.2508
50.8474
74.1805
104.3575
75.6205
66.5456
108.6613
84.0198
94.9788
61.0126
70.0023
48.4680
105.8965
94.2734
119.2237
35.8545
53.3475
80.7439
73.6141
54.6833
67.0126
62.8158
93.8764
110.0164
74.2994
84.9702
57.0541
80.8579
58.2270
91.6389
69.8728
70.7236
81.5250
82.4101
66.4867
68.9718
40.8567
53.6829
109.8889
53.4582
66.8346
69.4892
89.0659
78.1699
67.4926
79.9090
37.8891
83.5276
79.9398
59.6097
89.7023
95.6765
137.6456
40.8191
53.5970
38.3623
93.3683
63.8664
69.1656
45.8179
64.4482
56.8578
69.8631
94.8435
56.3797
102.7550
108.3754
106.4022
120.2813
72.7832
80.4707
64.6205
23.0046
21.0821
93.7676
55.2316
68.4113
63.4962
40.2805
59.8162
67.0158
55.6909
79.8245
102.1748
74.5462
63.5981
105.6845
72.3856
55.2724
108.9592
83.6153
51.2614
74.5359
53.6835
97.1882
93.1136
76.8279
50.7583
65.9279
77.8889
56.6032
59.2860
64.7186
61.6700
77.0573
62.2588
64.8943
69.0866
70.5101
48.9763
68.5184
78.4179
77.2392
69.6224
75.9833
42.8760
74.4771
59.0798
58.1488
47.1010
46.1772
78.4443
100.5139
85.6218
87.2096
59.1427
55.6225
95.1347
100.8021
84.3359
97.9763
96.3646
100.0360
120.8963
84.5870
64.6222
88.6710
84.9495
96.9724
87.3237
91.7725
81.1273
102.3483
119.2699
79.2012
74.9873
95.5460
82.5573
63.3945
80.6614
85.7409
61.9523
76.4970
80.0627
104.6313
82.3356
69.5073
95.4850
93.1251
85.4208
45.4479
107.3748
87.4890
53.8599
90.9630
90.8404
82.5790
98.6828
92.6345
58.8455
88.0452
113.4485
67.8768
89.6733
53.5248
62.8935
79.8542
119.8925
62.5639
94.3846
91.1680
82.1523
58.0271
89.2716
106.2380
79.7644
77.3179
63.1774
85.0533
62.2800
89.5875
94.8766
92.4766
68.4267
89.8517
63.5716
16.7471
63.6168
73.6665
54.7840
72.6584
63.0037
80.4488
92.9971
84.3715
85.4750
100.8819
99.0786
80.9633
65.2160
70.3376
78.7894
52.1111
63.5739
128.0592
75.7167
60.2459
67.8596
70.7897
63.2299
79.4052
92.4188
57.8938
70.6290
109.5119
85.1771
105.1013
92.9227
60.8657
97.2054
66.7664
45.9493
107.8220
126.1131
40.1382
43.9941
76.5842
61.6642
97.0157
73.1649
95.8935
48.0782
97.2179
84.7477
73.6679
60.8704
55.8511
97.6432
98.8437
42.3463
