150.3933
171.4223
144.2434
176.8761
126.6275
140.9093
177.3104
69.1031
166.7473
82.8979
109.1224
121.1348
110.6430
143.1065
132.2667
97.2748
80.7307
94.5985
157.1904
122.1142
134.6170
109.9646
83.6744
149.0620
113.5227
98.6214
80.6200
129.5794
147.7274
86.3741
97.9054
114.0517
110.2895
151.1678
53.4742
91.4811
73.8753
87.8018
120.9923
59.3304
66.5755
72.5919
112.3610
94.6354
85.5762
103.4581
102.0310
113.1606
70.9093
81.2107
112.8259
138.2596
90.2019
66.3609
117.7602
182.5356
99.6890
130.2181
134.9153
99.0772
63.9407
88.2496
82.5319
82.3148
71.2876
90.2260
102.4987
90.3829
69.1786
110.2761
144.5644
110.1334
104.6740
93.8285
68.4184
110.8916
79.7439
116.8140
113.4946
87.8970
69.0065
116.5692
161.3340
117.6338
117.2350
121.4963
59.0449
96.9434
91.8443
78.8816
78.1231
84.3070
94.4540
79.0394
115.4177
60.2527
83.5389
120.2640
88.8965
59.7970
78.4267
100.0069
139.7467
86.9021
142.2764
59.7661
110.5352
63.3102
89.7371
99.6324
65.9793
99.5876
82.2849
72.4976
115.3017
108.5594
101.5320
55.5249
177.4912
80.8309
119.8880
104.7066
92.2186
89.6816
57.9845
113.4272
91.2230
50.7158
179.9730
83.4504
74.9034
60.9831
137.6727
81.0890
132.5331
114.3532
88.2844
85.0422
91.9846
120.0798
129.1115
150.6902
98.5469
90.5731
85.7505
123.6331
108.5274
121.6625
123.0748
102.9913
169.8654
126.4675
80.5372
106.9872
147.6107
132.5033
82.6476
129.7752
77.8791
97.5532
105.1425
103.1939
145.6375
131.5974
132.0804
91.9331
101.7348
106.0136
144.3002
69.3043
67.8446
110.2091
114.6956
129.3023
109.4792
112.5096
117.5307
73.7129
93.3936
117.1095
151.8333
124.9618
108.7188
134.3925
109.1746
103.1164
88.8895
121.6336
111.6008
110.9268
88.8292
90.1644
136.4985
119.4677
90.1342
192.7573
134.1433
128.7082
134.0303
113.5126
175.9109
119.2274
41.2330
66.0089
113.8142
114.2627
85.6529
123.2761
68.3274
142.8031
87.5735
101.7499
124.0943
96.0797
76.8292
93.9568
123.1265
96.5838
169.4282
132.1616
75.6080
71.0766
70.1754
137.4426
97.9233
120.8751
138.5863
142.6768
101.3366
92.1031
111.8480
144.2750
132.5804
52.0262
132.7139
105.4690
67.4689
111.7799
83.5771
125.1758
77.3810
96.1128
110.0018
111.4298
69.4632
105.5694
104.6961
132.7228
87.1416
55.1141
76.4274
98.5634
91.3706
82.9547
82.7642
83.6062
130.2738
104.7419
59.2553
91.1402
144.4463
70.6516
134.3531
124.5683
91.4817
108.3148
117.0617
124.6864
100.4259
86.4473
260.6573
108.6623
96.5162
64.9457
95.3026
62.6487
60.3341
60.7592
132.5035
88.9120
62.5946
98.1578
85.7263
88.8985
93.0690
101.0877
66.1295
78.1727
102.2207
104.2086
126.3990
101.8865
101.8141
84.7803
78.0160
83.8424
79.4979
111.6082
93.3916
150.2888
114.8260
96.4234
62.3997
112.2172
88.2604
129.2742
90.3311
141.3594
98.4832
89.5783
113.1414
111.6620
116.0425
122.8043
55.3859
92.5395
90.1695
99.0144
22.3259
113.1606
110.3647
88.2207
101.3517
96.6720
78.3876
86.3165
94.9771
95.2950
171.9545
150.7070
87.2011
96.3199
86.5388
151.3001
85.4224
79.0545
127.1855
104.0219
102.5639
147.9970
110.4979
138.9318
118.6795
115.8307
130.0762
61.5172
105.2512
129.3271
73.8385
87.6333
99.1709
92.2133
92.0410
85.5299
72.8664
21.9130
95.4107
93.6681
94.9287
76.4724
76.3666
96.4068
78.9129
57.0063
95.6458
105.8297
83.8837
142.5090
91.8010
146.0018
70.9026
58.3832
76.0942
59.0704
147.2877
80.9086
92.3117
111.7860
82.2401
108.0963
67.3346
69.5557
105.6820
71.0954
133.1445
112.9923
91.0130
132.0998
98.0202
118.0967
60.2206
120.8532
110.0955
131.0654
89.2267
109.8074
157.0351
89.0978
90.5829
130.6727
106.5351
102.7873
145.7881
128.1022
103.6904
52.5726
118.8749
90.6564
111.4525
39.5822
101.1109
95.3250
105.1228
65.5878
81.2181
116.5031
157.4567
72.5445
127.9914
59.0419
102.4433
113.7026
99.4605
125.5096
92.5481
135.8262
59.2929
96.2002
146.9227
71.8471
103.0363
82.9269
76.8802
115.3438
63.0951
70.5204
135.8896
80.7850
135.0654
70.1389
81.2942
57.4415
89.4660
145.6076
102.2927
94.0598
109.2381
106.5884
162.8249
136.3158
92.2957
142.1258
89.5595
105.0908
108.9116
134.4151
89.9870
108.4773
98.0978
90.9355
126.2099
113.6986
62.2012
105.1444
102.6317
114.2175
145.3072
109.3695
168.6943
115.8330
140.2964
100.7697
118.6201
131.7919
119.1151
145.7368
132.3613
200.4289
180.6565
111.6075
153.7123
124.3622
144.3632
104.8684
95.5779
89.8142
76.0473
131.8634
85.8341
147.7976
124.8157
96.4099
108.9872
108.0074
98.1012
85.6926
107.6516
100.9275
94.7370
127.0932
95.8188
75.2832
245.7184
150.8575
90.3966
87.4796
138.3772
90.9252
103.3609
94.2866
70.7269
125.0669
68.7621
117.6160
112.6154
93.7227
105.1410
64.2503
101.8692
78.6556
95.8121
89.9432
124.0549
129.7969
101.0725
131.5568
97.1777
64.6007
91.8552
81.2161
93.9469
169.5878
89.4600
186.5671
112.7450
148.1027
84.7683
121.3843
88.4392
116.4346
67.9414
60.5576
99.6085
110.8811
137.2932
56.4911
151.6544
80.8574
82.2385
93.5550
72.2760
114.2065
119.9720
56.1193
106.6547
78.0599
79.0883
107.5739
143.7160
70.4877
95.7951
80.9848
89.6151
59.8424
95.3714
88.1110
66.2739
104.8429
63.7922
116.7128
98.8884
121.5716
99.8019
110.4373
71.8075
134.8574
71.4102
97.0325
73.3949
74.3192
95.6469
105.3597
132.3512
116.1595
75.7875
78.1935
107.7830
52.0553
134.7883
67.1590
83.8374
77.1721
127.2897
53.2289
99.2404
111.9984
101.6040
70.8910
81.5896
84.6154
89.5039
58.2897
114.4784
71.7427
77.3041
42.8536
77.4015
85.6482
118.7441
56.2802
43.4694
80.9742
137.6379
92.2413
60.6599
69.1062
70.8952
76.0017
69.9423
92.7999
94.3616
156.8711
65.7561
131.8914
169.6170
90.6446
98.3881
78.7290
82.9961
99.0290
76.4610
80.3881
73.2822
76.2029
128.9035
123.9718
110.3230
82.1202
74.6205
103.8997
99.5968
121.2326
88.5041
84.4262
87.8295
78.6346
57.0441
106.4283
106.6673
87.0365
52.1754
59.5477
87.4128
77.1001
64.6456
93.5134
108.0472
82.1529
71.4171
58.1195
109.9302
81.1996
82.5429
126.0776
97.9804
76.1149
74.3145
92.7196
124.3934
74.5573
95.7307
63.6964
64.7455
71.7651
92.8062
84.2921
74.3184
78.1777
99.4445
95.1369
106.4828
125.6579
76.8691
118.7442
44.2055
93.5191
144.3542
69.4869
116.2028
93.7198
93.7459
80.7776
84.4007
98.5580
115.1636
63.1429
124.6904
94.5471
25.4771
59.2179
105.0877
68.9810
57.2098
75.1326
98.6359
116.6670
90.3487
50.6722
58.6414
123.6784
49.8154
60.5833
67.1609
73.1825
67.2972
41.9934
95.4353
49.6281
56.7232
155.3164
98.8761
102.8485
29.6911
138.7688
163.3637
127.9935
90.8172
128.6222
60.8394
99.3209
95.4968
95.0684
148.3186
156.6954
108.8390
143.3317
125.9940
83.4669
140.5328
79.5982
105.3229
122.6509
130.1443
127.9298
120.3069
99.9788
67.2878
81.5405
86.9807
60.1972
196.4807
199.9559
180.7514
98.4116
89.7694
136.7661
94.8345
58.5188
38.1921
103.2180
129.6526
154.3221
82.2149
123.0820
84.0927
103.0323
95.2493
170.4153
136.4116
67.7040
148.5349
111.9461
89.9440
89.6832
142.4696
82.2763
117.2039
128.6543
95.1105
149.2061
129.5978
90.0483
171.3403
135.2476
153.0241
153.3299
88.4653
149.2030
103.8790
156.8253
113.8104
126.5564
138.0763
106.5971
131.5011
95.9367
132.2985
140.1343
90.8339
143.3721
151.5057
77.4148
83.0136
81.8054
95.2278
70.7788
69.1674
82.9137
87.4872
101.6924
31.6838
83.5038
94.2933
73.7514
29.0737
70.3137
54.7714
101.0552
80.5425
86.3069
169.3319
145.5544
157.8855
83.3947
88.3749
93.4721
106.1913
45.6988
78.7489
104.0212
66.0078
115.9096
68.0903
91.7478
125.4889
91.9096
133.8389
152.9703
154.4732
68.8101
36.5448
131.5459
66.2694
75.0317
26.3812
82.0785
104.8268
117.4881
134.9879
117.9879
97.5469
134.2811
134.7259
95.2166
105.2318
87.5806
119.8652
119.8741
101.2263
79.4810
171.2877
98.4140
115.7473
158.1744
108.2469
83.2582
80.0038
55.5494
77.0305
80.0699
132.9673
108.5702
101.7980
110.9966
145.1604
121.1900
104.4520
93.3471
98.1189
88.8380
87.2490
90.9862
83.8291
59.6583
140.1078
99.8957
85.5435
131.7807
95.4003
141.6740
104.0802
158.8638
141.2404
99.2714
124.2488
79.7057
129.0494
123.0192
118.7829
86.3453
83.5406
80.9417
95.5606
187.0658
134.7732
115.1481
141.8637
112.4035
128.2418
79.8110
79.6982
103.1898
100.2663
79.7136
69.3978
146.0007
61.2109
106.8196
141.4676
119.2279
100.3557
73.8180
101.8637
114.4109
126.0152
114.9536
114.3663
58.6247
65.9472
116.6931
86.9251
63.5118
67.6802
63.3078
79.5921
100.6361
81.2581
86.6357
80.1392
83.5237
112.7204
89.9969
78.1227
80.9655
130.9746
113.5604
105.2624
68.4694
74.1427
143.3692
109.4588
117.9201
104.4459
104.2119
75.4676
96.2538
141.0457
125.4979
95.4418
107.3205
124.2035
57.1159
135.6918
94.6625
65.0777
97.8806
80.9686
69.6901
68.1287
78.8426
87.8117
70.1597
121.5597
118.8210
47.0956
74.7825
89.9347
95.8445
67.6166
85.3123
71.5875
100.1859
99.3839
140.5039
111.5012
70.3017
110.0604
64.7731
63.3349
65.9369
67.1539
71.8989
49.9860
139.4525
60.4593
80.5926
105.2131
65.5214
92.4221
124.9148
110.8316
123.3049
79.9091
128.7264
95.8052
85.3965
108.6461
97.6312
22.1799
97.1808
138.5742
127.3222
77.6181
89.6180
148.5360
66.9388
81.1010
64.3712
53.2533
52.6276
70.9053
100.6258
78.7245
65.5532
59.3614
30.2738
80.4067
58.1643
110.1279
138.0856
132.8575
90.8272
120.9689
122.1416
80.8629
89.5910
105.6198
86.6152
141.8866
149.6203
84.2202
113.4617
115.8662
103.7135
92.8728
91.6986
169.4089
115.1363
96.9493
144.4525
150.1159
152.2003
99.5844
85.1630
64.1653
75.2437
108.3023
105.8212
43.3776
115.8630
112.0271
86.4724
88.9712
183.2503
88.8494
121.4585
84.6269
80.3893
72.9571
101.7993
155.3062
127.3991
136.0024
88.8121
94.7872
102.8779
97.9422
146.3470
110.4848
96.3635
91.6454
124.5321
134.6093
81.7718
131.3200
64.0640
97.4726
84.6345
97.3705
133.6308
92.7840
97.5984
98.8856
128.9138
131.1554
139.1404
136.7938
108.3965
107.2245
95.2522
70.9998
77.5878
92.1131
99.1932
89.1044
70.5421
106.8118
100.5742
138.0806
105.9154
72.4684
100.6412
108.7450
67.5213
119.4115
166.1524
67.3524
64.6850
79.2194
82.1409
96.3839
70.2921
125.3347
125.2264
100.3721
70.8071
97.9054
82.2692
83.7345
110.3055
83.6400
96.8160
101.6936
154.2949
174.6571
49.8887
23.6731
152.0742
65.7628
15.8277
136.7140
76.3060
129.2688
141.3037
96.8544
183.4447
110.1953
86.6938
77.8064
53.3278
108.7864
74.3024
75.7979
91.4022
72.1474
59.3780
125.8977
104.0195
72.0528
50.2687
62.9550
79.8871
87.2996
115.8461
94.8277
80.8284
69.3850
150.2251
92.3357
77.7217
122.3905
114.3275
123.0015
117.5047
70.0611
33.0132
58.7579
67.0643
104.8406
87.8627
117.6912
135.1931
87.3766
80.1014
102.9378
134.9870
79.3378
140.8169
127.0518
95.0942
20.8718
52.5655
95.5901
91.1747
54.8222
54.5570
126.8912
62.1797
101.9156
127.3113
96.5558
98.1637
83.4969
97.5710
72.2824
84.9473
88.8213
83.0658
23.3193
69.5676
107.0771
99.2924
90.6147
63.3377
108.8094
114.8212
107.3557
75.0253
104.7742
79.1182
51.4026
68.7529
131.3355
140.0205
93.5561
148.0079
123.3557
123.0094
90.6681
78.2897
130.2938
94.7018
109.0420
150.2810
149.8074
158.3354
144.2244
88.2553
112.6275
202.3128
152.8835
105.0347
124.3592
137.7303
102.9883
81.6419
84.8718
95.2830
128.0151
60.0781
91.9734
87.6180
132.0433
96.6192
62.7938
92.9729
85.3060
50.2167
81.2619
105.9501
126.0066
136.7813
93.8926
81.3997
98.4131
86.9214
81.1103
69.4025
93.4144
154.6762
121.6022
80.4274
90.3692
66.5361
70.8001
72.4079
77.0832
161.3055
91.8621
54.0130
98.7555
91.6908
69.8200
107.2627
77.0213
112.8022
116.4919
111.1625
75.6762
102.5174
93.9003
115.9490
100.3864
78.3739
115.8142
89.6182
71.6163
73.7931
81.9728
79.5394
72.1393
58.8215
103.9317
72.7145
77.8514
110.1780
75.8176
98.1101
60.2458
112.8489
110.1952
66.3610
62.2456
99.2045
134.8378
114.3682
143.0087
135.6701
123.3194
121.2851
146.6527
93.0611
136.0322
141.8852
74.3025
65.1686
61.1260
85.5174
110.1786
76.5880
112.5433
102.8340
87.9796
113.1762
111.4804
117.6223
100.9441
81.2035
60.9369
80.4665
141.7157
85.1694
163.4880
94.5589
73.9656
65.9685
118.6493
115.9430
112.9381
124.3298
95.0222
106.0360
119.0379
123.3590
154.0607
102.4896
103.5642
125.4496
80.6181
99.6808
115.9716
85.3081
95.4425
94.6281
127.9986
136.3536
83.9635
85.4120
133.2057
131.8937
113.2600
117.3427
61.2743
113.5937
138.9743
103.2236
120.6324
92.3854
131.4197
82.5566
132.2877
107.7902
116.5195
105.8628
126.6900
137.8454
77.9033
103.0454
79.0485
96.0541
129.9889
80.5428
115.3815
128.6836
109.9425
132.4677
140.8959
90.9566
88.8596
98.7241
65.6701
105.8726
103.9888
75.3035
109.8984
177.4256
83.0244
91.2517
99.8447
66.0690
129.1365
109.9439
119.5081
53.0034
97.9671
47.9847
87.4434
78.3015
59.2026
94.6231
96.2611
81.0851
120.0284
83.4339
151.9427
90.8226
75.4214
88.5474
116.5101
54.4858
86.0350
92.2728
67.1237
125.8992
131.5892
114.8284
156.4533
164.5903
105.3137
205.2404
102.9849
67.9625
96.7156
81.0174
125.0277
109.6301
126.2303
56.3027
98.4014
83.3505
104.5718
120.8033
98.1476
131.1454
93.8965
89.5647
116.5575
86.0872
107.5505
100.6268
107.3380
87.6782
123.6030
106.0295
111.2476
139.0789
96.3329
127.8009
77.5789
121.6912
97.2320
133.8025
98.1853
119.1551
97.6642
96.0078
98.9835
110.3668
136.0083
67.4427
97.1689
100.4905
115.2568
132.3296
155.7232
120.1862
158.8782
120.0782
134.5487
160.5634
176.2717
102.9177
84.7963
99.3394
103.9360
176.7819
108.2452
98.3726
87.1724
89.3208
72.0510
105.9967
72.5349
62.2059
109.7185
53.0166
67.4488
122.6640
97.5400
118.3226
62.5625
70.1284
68.2642
109.1736
77.5220
126.2877
79.0568
113.4267
114.7284
102.7035
99.2382
109.5984
158.7396
150.2079
143.4055
108.0078
110.4445
148.8629
129.3048
133.0437
98.9296
107.8890
74.1626
74.0241
77.1910
116.1630
102.1277
67.3101
136.5217
72.2383
148.8953
118.0579
96.9754
96.9152
106.6431
135.1422
76.5045
78.4259
126.2516
87.9030
96.8220
72.7234
88.8385
118.4988
89.0701
97.7308
84.3778
87.3151
87.0820
93.7160
89.4300
141.9444
142.1166
59.4145
78.4996
117.2623
158.5702
83.3705
147.9509
167.4213
64.0280
130.5475
114.8245
83.7799
89.2586
100.0105
74.7105
84.3972
79.5645
126.9454
85.0348
94.3083
131.8839
86.6525
104.4937
119.0189
104.6809
93.6762
115.7717
107.1645
126.1358
117.5938
102.4885
155.6802
152.1866
117.4724
92.6585
15.2036
65.4693
77.5712
111.9052
89.5509
121.2784
74.1000
89.8694
63.3933
76.7141
98.8412
58.6178
78.9428
55.7805
82.4453
68.4659
85.1866
97.2694
52.6549
149.0090
147.0312
116.0619
107.6666
159.8491
161.0333
86.6949
123.2414
28.8498
153.6915
96.6727
131.7680
88.4200
109.7215
120.2948
69.0965
106.4957
83.1320
53.2384
146.4705
108.9692
49.2540
81.3350
150.8498
105.9751
56.2303
67.4736
76.5285
88.3938
106.0058
112.6873
81.2670
62.3789
59.8672
127.9616
124.1748
114.5231
149.6038
82.7457
80.2359
25.4441
73.7280
94.1114
74.8510
141.5685
115.3827
123.9882
101.1603
110.2087
99.5325
79.0739
117.0064
105.4024
103.6956
108.4511
102.2315
102.9216
125.2558
130.7132
87.6261
76.9813
101.4223
92.2862
104.4208
52.2144
91.7249
80.5902
97.7357
101.3561
72.5496
83.5239
108.1000
72.9618
87.1258
100.7261
68.5016
107.5349
107.4474
76.4358
120.4273
100.3089
131.4191
128.1367
79.4053
80.1200
98.9918
70.0544
80.4831
69.5904
94.1795
111.6271
69.3260
91.2470
67.4796
93.5116
71.9546
79.6711
83.7038
75.7802
53.7714
98.8042
117.5873
80.7348
67.5654
68.5996
101.1131
123.5394
97.8801
68.1554
63.1635
71.8456
88.3129
124.4725
54.4925
96.9739
106.6069
105.8862
126.3355
126.6461
83.9616
150.0296
124.6599
128.2649
127.2519
140.9771
133.6234
126.3760
123.1216
26.1238
82.4932
89.1794
53.7017
69.3703
77.1145
128.5449
87.6478
146.0904
70.6685
76.4994
96.8290
78.7716
80.0359
69.6933
116.6868
108.5617
119.6219
78.5983
110.7032
81.4861
126.8797
84.0130
86.6109
155.1597
86.5712
102.7669
76.4425
86.1313
111.3231
86.0349
94.8671
80.8145
88.1133
107.4471
73.4537
110.9014
134.7543
87.6430
108.1521
106.5598
84.0774
115.1609
136.2638
119.5607
87.5979
84.6084
81.2434
95.4949
152.2194
72.8273
91.8184
85.2352
104.6418
91.0918
84.6560
102.5478
76.2422
57.6347
113.3415
70.3117
119.8110
119.5812
43.5445
111.7174
85.6871
103.5291
137.7071
110.2783
81.7619
100.0397
82.2437
71.6157
73.1184
93.3720
83.5111
88.0187
79.4528
83.7988
99.2045
63.7459
257.3193
47.3844
132.3602
234.5176
133.0342
83.6949
126.7665
90.1781
160.0066
98.3197
135.2423
71.2738
68.3912
96.5951
102.2357
85.3819
71.2549
60.5817
79.0655
70.2438
87.2049
70.0308
86.6288
69.5427
59.1309
90.6043
78.8553
82.0249
99.9303
91.1551
98.7451
114.5334
